2.086123093261978357e-05,2.000487141216131208e-05,1.984632954910302586e-05
3.515115184484547835e-04,3.551529806252947427e-04,3.078145688347867868e-04
9.982968123044117480e-04,1.023426549520669009e-03,8.529326277802804900e-04
1.920393980858408440e-03,1.989391100375044290e-03,1.611327109985465685e-03
3.096466068276031072e-03,3.235837117152150482e-03,2.558335818056099113e-03
4.512454495341227181e-03,4.752120326165066612e-03,3.676826509249319155e-03
6.158130856139682092e-03,6.530982300090039036e-03,4.953731620983852293e-03
8.025618324841114065e-03,8.567212039795319214e-03,6.378526186479693480e-03
1.010862308701636868e-02,1.085696028518173817e-02,7.942422162397032651e-03
1.240198520680126613e-02,1.339734375554645605e-02,9.637890496286927872e-03
1.490139428897143715e-02,1.618619735508163709e-02,1.145835461032544689e-02
1.760319860719116239e-02,1.922190950237680565e-02,1.339798226313652918e-02
2.050427109062230233e-02,2.250330759204328610e-02,1.545153788783146243e-02
2.360191182407822552e-02,2.602957539574853041e-02,1.761427413510648771e-02
2.689377503241660583e-02,2.980019172272924122e-02,1.988184993279825882e-02
3.037781307382970628e-02,3.381488374713313705e-02,2.225026711289353892e-02
3.405223260271338787e-02,3.807359076095912648e-02,2.471582042148336156e-02
3.791545966006502899e-02,4.250950546397989221e-02,2.727505741413072463e-02
4.192464439836233320e-02,4.690039617499213581e-02,2.992474580844077525e-02
4.588785318733343971e-02,5.124866630646508076e-02,3.266184656578047241e-02
4.980413950239818283e-02,5.555772136903892183e-02,3.548349144557645662e-02
5.367673955504218691e-02,5.983058666686668498e-02,3.838696410098862977e-02
5.750854852821599833e-02,6.406996577804288662e-02,4.134828689555927056e-02
6.130217027207094521e-02,6.827828784249354022e-02,4.425557772916039606e-02
6.505995794727328918e-02,7.245774618621733665e-02,4.711490454180932569e-02
6.878404756886161153e-02,7.661033015903556675e-02,4.992851092084980152e-02
7.247638592180208339e-02,8.073785159832860825e-02,5.269844132538246267e-02
7.613875397025604563e-02,8.484196699485979654e-02,5.542656534183985212e-02
7.977278662602554915e-02,8.892419618989358399e-02,5.811459820080856070e-02
8.337998955077380314e-02,9.298593824926484896e-02,6.076411824306793968e-02
8.696175352287499605e-02,9.702848502201524838e-02,6.337658187703773538e-02
9.051936679041613920e-02,1.010530327862431410e-01,6.595333645874251749e-02
9.405402574776908220e-02,1.050606923042201046e-01,6.849563143988929292e-02
9.756684420796726820e-02,1.090524975463402768e-01,7.100462806324131515e-02
1.010588614920692463e-01,1.130294132946213781e-01,7.348140783242346208e-02
1.045310495164256670e-01,1.169923417979795988e-01,7.592697994219060886e-02
1.079843190267935071e-01,1.209421286209058644e-01,7.834228782248012224e-02
1.114195251025844324e-01,1.248795678027308231e-01,8.072821492334700255e-02
1.148374720339344623e-01,1.288054064249537778e-01,8.308558984673763970e-02
1.182389176575089074e-01,1.327203486681645672e-01,8.541519091387775320e-02
1.216245772233262856e-01,1.366250594270732865e-01,8.771775024303746227e-02
1.249951268536691751e-01,1.405201675415065632e-01,8.999395740091592488e-02
1.283512066459258916e-01,1.444062686924353078e-01,9.224446268138555838e-02
1.316934234635445400e-01,1.482839280048328101e-01,9.446988005745102224e-02
1.350223534529148284e-01,1.521536823930986770e-01,9.667078984570282030e-02
1.383385443186503361e-01,1.560160426797297661e-01,9.884774111704369703e-02
1.416425173852821351e-01,1.598714955136652238e-01,1.010012538828374551e-01
1.449347694695775624e-01,1.637205051111552401e-01,1.031318210817206982e-01
1.482157745845135433e-01,1.675635148389693907e-01,1.052399103890062082e-01
1.514859854932092409e-01,1.714009486571861640e-01,1.073259658677904738e-01
1.547458351287974709e-01,1.752332124366112465e-01,1.093904094784666492e-01
1.579957378942414281e-01,1.790606951639936439e-01,1.114336424612890619e-01
1.612360908543832017e-01,1.828837700465976157e-01,1.134560466048571414e-01
1.644672748310529176e-01,1.867027955263016736e-01,1.154579854118642501e-01
1.676896554107989434e-01,1.905181162121937777e-01,1.174398051721301239e-01
1.709035838736830126e-01,1.943300637396040143e-01,1.194018359517958483e-01
1.741093980506531191e-01,1.981389575626020250e-01,1.213443925065575690e-01
1.773074231161561876e-01,2.019451056862132665e-01,1.232677751259509680e-01
1.804979723219275745e-01,2.057488053439168185e-01,1.251722704149348664e-01
1.836813476772754250e-01,2.095503436253883800e-01,1.270581520183602375e-01
1.868578405805775000e-01,2.133499980589322331e-01,1.289256812933215202e-01
1.900277324062765449e-01,2.171480371525709163e-01,1.307751079338758393e-01
1.931912950511645022e-01,2.209447208973711607e-01,1.326066705521597444e-01
1.963487914434073889e-01,2.247403012362060859e-01,1.344205972195304521e-01
1.995004760174017289e-01,2.285350225008520031e-01,1.362171059710023668e-01
2.026465951572629653e-01,2.323291218200211339e-01,1.379964052759355408e-01
2.057873876114571510e-01,2.361228295006952416e-01,1.397586944776468276e-01
2.089230848808927843e-01,2.399163693848836987e-01,1.415041642043696202e-01
2.120539115825227916e-01,2.437099591837518786e-01,1.432329967537573634e-01
2.151800857903580777e-01,2.475038107908662521e-01,1.449453664529316843e-01
2.183018193556059416e-01,2.512981305761599615e-01,1.466414399958918258e-01
2.214193182074894461e-01,2.550931196620707109e-01,1.483213767599426691e-01
2.245327826361915302e-01,2.588889741831760793e-01,1.499853291026554403e-01
2.276424075592031193e-01,2.626858855305395091e-01,1.516334426407401625e-01
2.307483827722888181e-01,2.664840405818720837e-01,1.532658565120967875e-01
2.338508931861469353e-01,2.702836219185248967e-01,1.548827036221997466e-01
2.369501190497741994e-01,2.740848080302376588e-01,1.564841108758812105e-01
2.400462361614490447e-01,2.778877735085003020e-01,1.580701993954821416e-01
2.431394160681730199e-01,2.816926892293056262e-01,1.596410847262728638e-01
2.462298262543623495e-01,2.854997225260175187e-01,1.611968770299612441e-01
2.493176303204894806e-01,2.893090373530138870e-01,1.627376812670511819e-01
2.524029881523424113e-01,2.931207944407168142e-01,1.642635973687458506e-01
2.554860560815099824e-01,2.969351514425742078e-01,1.657747203990449225e-01
2.585669870376573476e-01,3.007522630745124714e-01,1.672711407076277468e-01
2.616459306931069873e-01,3.045722812473422580e-01,1.687529440740728193e-01
2.647230336002114326e-01,3.083953551925630587e-01,1.702202118439234968e-01
2.677984393219672299e-01,3.122216315819776877e-01,1.716730210570691362e-01
2.708722885562761529e-01,3.160512546415010782e-01,1.731114445688769210e-01
2.739447192542434073e-01,3.198843662595178272e-01,1.745355511644797741e-01
2.770158667328731505e-01,3.237211060901166171e-01,1.759454056665926691e-01
2.800858637824876762e-01,3.275616116515094878e-01,1.773410690372061171e-01
2.831548407691783509e-01,3.314060184199245085e-01,1.787225984734768236e-01
2.862229257325881737e-01,3.352544599192271990e-01,1.800900474981183830e-01
2.892902444792749272e-01,3.391070678065323807e-01,1.814434660445649050e-01
2.923569206719312530e-01,3.429639719540226728e-01,1.827829005371696958e-01
2.954230759146668217e-01,3.468253005272016742e-01,1.841083939666777192e-01
2.984888298345967916e-01,3.506911800597732332e-01,1.854199859611933843e-01
3.015543001599201300e-01,3.545617355253435354e-01,1.867177128528520469e-01
3.046196027946985185e-01,3.584370904061114915e-01,1.880016077403894870e-01
3.076848518904994334e-01,3.623173667587238356e-01,1.892717005477847769e-01
3.107501599150756522e-01,3.662026852774400432e-01,1.905280180791451006e-01
3.138156377182431678e-01,3.700931653547573363e-01,1.917705840699890918e-01
3.168813945951048927e-01,3.739889251396273928e-01,1.929994192350662496e-01
3.199475383467454415e-01,3.778900815933948776e-01,1.942145413128526787e-01
3.230141753385532000e-01,3.817967505435763131e-01,1.954159651068411718e-01
3.260814105562596654e-01,3.857090467355927532e-01,1.966037025237433178e-01
3.291493476598431056e-01,3.896270838825604543e-01,1.977777626087068863e-01
3.322180890353812477e-01,3.935509747132390768e-01,1.989381515776492138e-01
3.352877358449690703e-01,3.974808310182334492e-01,2.000848728467941040e-01
3.383583880747865202e-01,4.014167636945357720e-01,2.012179270594959268e-01
3.414301445814255098e-01,4.053588827884873069e-01,2.023373121104281025e-01
3.445031031365354268e-01,4.093072975372485933e-01,2.034430231672054168e-01
3.475773604698959018e-01,4.132621164088393084e-01,2.045350526895015064e-01
3.506530123109679042e-01,4.172234471408299283e-01,2.056133904457221884e-01
3.537301534290181459e-01,4.211913967777399792e-01,2.066780235272864807e-01
3.568088776718625899e-01,4.251660717072161533e-01,2.077289363605580585e-01
3.598892780033197125e-01,4.291475776950412491e-01,2.087661107164748842e-01
3.629714465394067169e-01,4.331360199190332771e-01,2.097895257179090978e-01
3.660554745833521917e-01,4.371315030018897985e-01,2.107991578447893644e-01
3.691414526594904433e-01,4.411341310430216267e-01,2.117949809370165970e-01
3.722294705460616471e-01,4.451440076494302400e-01,2.127769661951896540e-01
3.753196173069882624e-01,4.491612359656702025e-01,2.137450821791658795e-01
3.784119813226690110e-01,4.531859187029402825e-01,2.146992948044640359e-01
3.815066503198377701e-01,4.572181581673445128e-01,2.156395673365255616e-01
3.846037114005219637e-01,4.612580562873592194e-01,2.165658603828347628e-01
3.877032510701406420e-01,4.653057146405496503e-01,2.174781318829018817e-01
3.908053552648026452e-01,4.693612344795604074e-01,2.183763370961070982e-01
3.939101093777985785e-01,4.734247167574239801e-01,2.192604285873956393e-01
3.975112203796090093e-01,4.772227096097658161e-01,2.225612150564871272e-01
4.016139012411303333e-01,4.807510836429084722e-01,2.282816354051304120e-01
4.057262783746075629e-01,4.842821146628256135e-01,2.339929710478059199e-01
4.098483821653942649e-01,4.878159421056301182e-01,2.396964982148504508e-01
4.139802435259510860e-01,4.913527050364426274e-01,2.453933836201430685e-01
4.181218939057457229e-01,4.948925421697097371e-01,2.510846960225341928e-01
4.222733653007386123e-01,4.984355918890903125e-01,2.567714163334451904e-01
4.264346902625062441e-01,5.019819922669186418e-01,2.624544464840963265e-01
4.306059019069929938e-01,5.055318810832790666e-01,2.681346172300673736e-01
4.347870339229157888e-01,5.090853958447041361e-01,2.738126950418697247e-01
4.389781205798581887e-01,5.126426738025235963e-01,2.794893882064599655e-01
4.431791967360468321e-01,5.162038519708775919e-01,2.851653522451410017e-01
4.473902978458438873e-01,5.197690671444175070e-01,2.908411947372098738e-01
4.516114599669626695e-01,5.233384559157109317e-01,2.965174796253664535e-01
4.558427197674140285e-01,5.269121546923714039e-01,3.021947310677970400e-01
4.600841145322208114e-01,5.304902997139219201e-01,3.078734368925547527e-01
4.643356821698721437e-01,5.340730270684240777e-01,3.135540517020570794e-01
4.685974612185698773e-01,5.376604727088737379e-01,3.192369996689561895e-01
4.728694908522446672e-01,5.412527724693908526e-01,3.249226770590689095e-01
4.771518108863838648e-01,5.448500620812074535e-01,3.306114545123354787e-01
4.814444617836259321e-01,5.484524771884886629e-01,3.363036791087636868e-01
4.857474846592160778e-01,5.520601533639715175e-01,3.419996762428729742e-01
4.900609212862269692e-01,5.556732261244705651e-01,3.476997513272049867e-01
4.943848141006331187e-01,5.592918309462369120e-01,3.534041913429575854e-01
4.987192062062065223e-01,5.629161032801993647e-01,3.591132662535889697e-01
5.030641413792465988e-01,5.665461785670988792e-01,3.648272302953787238e-01
5.074196640731426511e-01,5.701821922525271980e-01,3.705463231572809768e-01
5.117858194227959956e-01,5.738242798018836632e-01,3.762707710609941580e-01
5.161626532488616803e-01,5.774725767152697475e-01,3.820007877509302152e-01
5.205502120618715756e-01,5.811272185423231873e-01,3.877365754026913525e-01
5.249485430661759988e-01,5.847883408970181440e-01,3.934783254577050027e-01
5.293576941637645472e-01,5.884560794724308375e-01,3.992262193908576728e-01
5.337777139579236163e-01,5.921305700554972962e-01,4.049804294172205665e-01
5.382086517567592487e-01,5.958119485417642247e-01,4.107411191433274489e-01
5.426505575765635525e-01,5.995003509501563022e-01,4.165084441679015592e-01
5.471034821450420083e-01,6.031959134377640197e-01,4.222825526364124005e-01
5.515674769043912296e-01,6.068987723146748170e-01,4.280635857534224598e-01
5.560425940142210699e-01,6.106090640588514029e-01,4.338516782562630292e-01
5.605288863543338440e-01,6.143269253310782441e-01,4.396469588532454509e-01
5.650264075273301323e-01,6.180524929899889885e-01,4.454495506292993068e-01
5.695352118610714776e-01,6.217859041071829296e-01,4.512595714216401377e-01
5.740553544109637807e-01,6.255272959824533796e-01,4.570771341678288580e-01
5.785868909620726086e-01,6.292768061591419437e-01,4.629023472283577134e-01
5.831298780310669727e-01,6.330345724396208018e-01,4.687353146856962360e-01
5.876843728679607137e-01,6.368007329009407469e-01,4.745761366215472399e-01
5.922504334576703666e-01,6.405754259106444248e-01,4.804249093739101917e-01
5.968281185213726303e-01,6.443587901427644260e-01,4.862817257753827005e-01
6.014174875176246937e-01,6.481509645940328745e-01,4.921466753740217359e-01
6.060186006432851658e-01,6.519520886003080662e-01,4.980198446379387467e-01
6.106315188341705502e-01,6.557623018532453552e-01,5.039013171447211947e-01
6.152563037654716904e-01,6.595817444172353827e-01,5.097911737566451773e-01
6.198930178518871070e-01,6.634105567466156428e-01,5.156894927825720343e-01
6.245417242474756714e-01,6.672488797031990160e-01,5.215963501273299663e-01
6.292024868452015252e-01,6.710968545741227143e-01,5.275118194293029195e-01
6.338753702761313891e-01,6.749546230900561605e-01,5.334359721868777715e-01
6.385604399083047999e-01,6.788223274437882315e-01,5.393688778743482848e-01
6.432577618452083312e-01,6.827001103092202872e-01,5.453106040477805339e-01
6.479674029238401411e-01,6.865881148608031781e-01,5.512612164413295268e-01
6.526894307123438654e-01,6.904864847934374383e-01,5.572207790544049244e-01
6.574239135071742179e-01,6.943953643428814049e-01,5.631893542300540068e-01
6.621709203297434509e-01,6.983148983067036797e-01,5.691670027248768582e-01
6.669305209225170339e-01,7.022452320658066904e-01,5.751537837707322298e-01
6.717027857445312389e-01,7.061865116065842995e-01,5.811497551284696694e-01
6.764877859662526971e-01,7.101388835437376645e-01,5.871549731338475686e-01
6.812855934637402910e-01,7.141024951438202928e-01,5.931694927357828995e-01
6.860962808120656398e-01,7.180774943495442653e-01,5.991933675270190163e-01
6.909199212778938115e-01,7.220640298049262329e-01,6.052266497672548207e-01
6.957565888111972852e-01,7.260622508813230347e-01,6.112693903987448385e-01
7.006063580359649379e-01,7.300723077044342091e-01,6.173216390543193599e-01
7.054693042398842984e-01,7.340943511823423417e-01,6.233834440577414870e-01
7.103455033628495174e-01,7.381285330346805118e-01,6.294548524162608683e-01
7.152350319842288862e-01,7.421750058230054403e-01,6.355359098051717170e-01
7.201379673087262567e-01,7.462339229824993536e-01,6.416266605441339754e-01
7.250543871507548754e-01,7.503054388550889353e-01,6.477271475649499788e-01
7.299843699171517653e-01,7.543897087241124844e-01,6.538374123704285834e-01
7.349279945880732301e-01,7.584868888506756113e-01,6.599574949839011051e-01
7.398853406958901813e-01,7.625971365118399126e-01,6.660874338888673751e-01
7.448564883018904403e-01,7.667206100408121561e-01,6.722272659581760568e-01
7.498415179705528733e-01,7.708574688693223820e-01,6.783770263720337867e-01
7.548405107411491066e-01,7.750078735723960888e-01,6.845367485240511085e-01
7.598535480963705124e-01,7.791719859157608674e-01,6.907064639143861706e-01
7.648807119276871402e-01,7.833499689061391713e-01,6.968862020289332548e-01
7.699220844970449118e-01,7.875419868447313121e-01,7.030759902033365538e-01
7.749777483945269330e-01,7.917482053842095358e-01,7.092758534704298734e-01
7.800477864914713289e-01,7.959687915896183075e-01,7.154858143895036493e-01
7.851322818885627663e-01,8.002039140035853704e-01,7.217058928555624142e-01
7.902313178582547337e-01,8.044537427163479526e-01,7.279361058864601830e-01
7.953449777808523358e-01,8.087184494411429059e-01,7.341764673854820344e-01
8.004733450734683453e-01,8.129982075955884957e-01,7.404269878765723512e-01
8.056165031109102648e-01,8.172931923898125728e-01,7.466876742089676444e-01
8.107745351374914256e-01,8.216035809221394759e-01,7.529585292274751929e-01
8.159475241684941427e-01,8.259295522833374203e-01,7.592395514040362059e-01
8.211355528798913728e-01,8.302712876705525824e-01,7.655307344254735913e-01
8.263387034846693124e-01,8.346289705122512670e-01,7.718320667314653161e-01
8.315570575937700770e-01,8.390027866057279127e-01,7.781435309957325241e-01
8.367906960593899379e-01,8.433929242690060279e-01,7.844651035421784657e-01
8.420396987978929770e-01,8.477995745092898883e-01,7.907967536861706392e-01
8.473041445891072998e-01,8.522229312105461529e-01,7.971384429892965917e-01
8.525841108481121422e-01,8.566631913432829482e-01,8.034901244136199994e-01
8.578796733649007855e-01,8.611205552002153540e-01,8.098517413586108216e-01
8.631909060062177286e-01,8.655952266622956026e-01,8.162232265603821535e-01
8.685178803727509056e-01,8.700874135005375321e-01,8.226045008284169624e-01
8.738606654032172738e-01,8.745973277203014096e-01,8.289954715893316228e-01
8.792193269149588541e-01,8.791251859562628779e-01,8.353960312000464628e-01
8.845939270680815980e-01,8.836712099283089428e-01,8.418060549834922579e-01
8.899845237368357864e-01,8.882356269712111674e-01,8.482253989279689987e-01
8.953911697676371073e-01,8.928186706543589368e-01,8.546538969755137494e-01
9.008139120972984415e-01,8.974205815123794672e-01,8.610913578036767380e-01
9.062527906972923653e-01,9.020416079135948895e-01,8.675375609769582219e-01
9.117078372992161173e-01,9.066820071016203908e-01,8.739922523057767068e-01
9.171790738421186084e-01,9.113420464568692259e-01,8.804551381977707702e-01
9.226665105615691198e-01,9.160220050409877413e-01,8.869258787116426346e-01
9.281701436110890713e-01,9.207221755103223160e-01,8.934040789169919172e-01
9.336899520633942240e-01,9.254428665183487279e-01,8.998892780077449860e-01
9.392258940748537954e-01,9.301844057773654972e-01,9.063809353840736049e-01
9.447779018982120913e-01,9.349471440269123690e-01,9.128784125614076705e-01
9.503458752737877768e-01,9.397314602778783499e-01,9.193809492036316700e-01
9.559296724772695653e-01,9.445377688990649334e-01,9.258876306629952868e-01
9.615290978754117424e-01,9.493665294475951422e-01,9.323973428613983039e-01
9.671438840856193542e-01,9.542182607367318825e-01,9.389087076070175009e-01
9.727736654237589820e-01,9.590935617407864155e-01,9.454199863183129215e-01
9.784179365073814028e-01,9.639931441436725423e-01,9.519289299033971696e-01
9.840759837754849970e-01,9.689178861190520520e-01,9.584325303795285800e-01
9.897467629588360127e-01,9.738689284581972805e-01,9.649265763541025054e-01
9.954286544553464511e-01,9.788478663063276963e-01,9.714047653337930521e-01
1.000000000000000000e+00,9.838572007696581023e-01,9.778566104897382649e-01
1.000000000000000000e+00,9.889017668056580002e-01,9.842608145680958875e-01
1.000000000000000000e+00,9.940008686187918885e-01,9.905288685438226048e-01
