2.086123093261978357e-05,2.000487141216131208e-05,1.984632954910302586e-05
4.168175535855851862e-04,3.329342776212316211e-04,2.762312461944668772e-04
1.235471691714771971e-03,9.427688458447080469e-04,7.389889955627082204e-04
2.446328274728777705e-03,1.810753038492815504e-03,1.358354854935351231e-03
4.036123244859194520e-03,2.917166840974937808e-03,2.104436306400952247e-03
5.996809323060590079e-03,4.249586181415632158e-03,2.955571113661158329e-03
8.322599684871716599e-03,5.799526895282380509e-03,3.894713350211416458e-03
1.100879821085704209e-02,7.560995101837971258e-03,4.907819261395048732e-03
1.405123156473365824e-02,9.529728907356548734e-03,5.982983947948270972e-03
1.744593756192055686e-02,1.170275263233746567e-02,7.109925300500431408e-03
2.118897955641114994e-02,1.407809294163969195e-02,8.279650790216471629e-03
2.527632928543811427e-02,1.665458713558974971e-02,9.484229609071002237e-03
2.970378977181385716e-02,1.943174768016256784e-02,1.071662967651563353e-02
3.446694307351309827e-02,2.240966294418187885e-02,1.197059669037879408e-02
3.956111419788194833e-02,2.558892225978526627e-02,1.324056157143122144e-02
4.476769342404842561e-02,2.897055789717639662e-02,1.452156774173668681e-02
4.988811024301353231e-02,3.255599914181734472e-02,1.580921265838191800e-02
5.493522334388419720e-02,3.634703524002060038e-02,1.709959984944540989e-02
5.991204687010475566e-02,4.034578497500291433e-02,1.838929885881690485e-02
6.482109174322200906e-02,4.437228217305646399e-02,1.967531126703059990e-02
6.966445371851084922e-02,4.836835447754234824e-02,2.095504146775985579e-02
7.444388270965801579e-02,5.233930972886972205e-02,2.222627123315476516e-02
7.916083806002366385e-02,5.628845551720377399e-02,2.348713735011781836e-02
8.381653311393102990e-02,6.021879158512261770e-02,2.473611178801931113e-02
8.841197153281454835e-02,6.413305010542971751e-02,2.597198398822293114e-02
9.294797716581143510e-02,6.803372890977391063e-02,2.719384496161943512e-02
9.742521883274757322e-02,7.192311912940060892e-02,2.840107295190612974e-02
1.018442310514415527e-01,7.580332836314532252e-02,2.959332047629809059e-02
1.062054315025666440e-01,7.967630023326979782e-02,3.077050259638662577e-02
1.105091358483560326e-01,8.354383100022941266e-02,3.193278630327913564e-02
1.147555703886647127e-01,8.740758376471083335e-02,3.308058092535713646e-02
1.189448829372246608e-01,9.126910067657165171e-02,3.421452948569755209e-02
1.230771522237854576e-01,9.512981348670757065e-02,3.533550095070939201e-02
1.271523960682069132e-01,9.899105271296770869e-02,3.644458332279383594e-02
1.311705785260329493e-01,1.028540556404169970e-01,3.754307753856279267e-02
1.351316161685218176e-01,1.067199733361259284e-01,3.863249214089616024e-02
1.390353836311205293e-01,1.105898768267567778e-01,3.971453869830240957e-02
1.428817185412497304e-01,1.144647625616608266e-01,4.078454928236060345e-02
1.466704259177110947e-01,1.183455572635903341e-01,4.182666294495177711e-02
1.504012821190146842e-01,1.222331222524059013e-01,4.285230893239778266e-02
1.540740384057326384e-01,1.261282573135195095e-01,4.386447054460638345e-02
1.576884241720228896e-01,1.300317041716130273e-01,4.486613540657368587e-02
1.612441498932773165e-01,1.339441496209315408e-01,4.586029775314360429e-02
1.647409098300942343e-01,1.378662283558062251e-01,4.684996001242066471e-02
1.681783845231796526e-01,1.417985255386757237e-01,4.783813369619722283e-02
1.715562431091156304e-01,1.457415791375530068e-01,4.882783960272681772e-02
1.748741454830433639e-01,1.496958820604100959e-01,4.982210733600036384e-02
1.781317443310474757e-01,1.536618841101762556e-01,5.082397414628003068e-02
1.813286870522752281e-01,1.576399937808660168e-01,5.183648309889047484e-02
1.844646175885165662e-01,1.616305799126419862e-01,5.286268058205308845e-02
1.875391781770124888e-01,1.656339732213167326e-01,5.390561316973683376e-02
1.905520110405918288e-01,1.696504677158406083e-01,5.496832386192520431e-02
1.935027600278521054e-01,1.736803220156293015e-01,5.605384773217281930e-02
1.963910722148725641e-01,1.777237605781614160e-01,5.716520702058846409e-02
1.992165994789649175e-01,1.817809748460204322e-01,5.830540571919509002e-02
2.019790000540757080e-01,1.858521243215046914e-01,5.947742370563375430e-02
2.046779400767378965e-01,1.899373375759982330e-01,6.068421049008088791e-02
2.073130951308380099e-01,1.940367132005064998e-01,6.192867864866876543e-02
2.098841517989339933e-01,1.981503207030735347e-01,6.321369702427451220e-02
2.123908092274211512e-01,2.022782013581955751e-01,6.454208378190215423e-02
2.148327807124531530e-01,2.064203690128393887e-01,6.591659941071742468e-02
2.172097953132265946e-01,2.105768108532115601e-01,6.733993976778987478e-02
2.195215994989577757e-01,2.147474881360487697e-01,6.881472925953877051e-02
2.217679588356724074e-01,2.189323368878462461e-01,7.034351425561416460e-02
2.239486597187455574e-01,2.231312685751559721e-01,7.192875682639898738e-02
2.260635111569871403e-01,2.273441707488210728e-01,7.357282888952074162e-02
2.281123466139396427e-01,2.315709076647902154e-01,7.527800684285121391e-02
2.300950259119748376e-01,2.358113208839597852e-01,7.704646675163687175e-02
2.320114372046825357e-01,2.400652298533167417e-01,7.888028014597314730e-02
2.338614990230025170e-01,2.443324324705027917e-01,8.078141047215464665e-02
2.356451624004717860e-01,2.486127056337908425e-01,8.275171022792890407e-02
2.373624130829457002e-01,2.529058057793425740e-01,8.479291879779940477e-02
2.390132738280705826e-01,2.572114694075156027e-01,8.690666099070570860e-02
2.405978067997647241e-01,2.615294135998925129e-01,8.909444626909718279e-02
2.421161160628959030e-01,2.658593365286214816e-01,9.135766864599595416e-02
2.435683501832588971e-01,2.702009179595895039e-01,9.369760721546233073e-02
2.449547049378896224e-01,2.745538197508662348e-01,9.611542727220576121e-02
2.462754261406085443e-01,2.789176863478142199e-01,9.861218196809834469e-02
2.475308125875333443e-01,2.832921452761857917e-01,1.011888144472087858e-01
2.487212191271336303e-01,2.876768076344808356e-01,1.038461603966583935e-01
2.498470598590843417e-01,2.920712685867928871e-01,1.065849509481365254e-01
2.509088114659305813e-01,2.964751078573088505e-01,1.094058158641506018e-01
2.519070166811424039e-01,3.008878902275931577e-01,1.123092869439191732e-01
2.528422878966626874e-01,3.053091660377327266e-01,1.152958015860151841e-01
2.537153109124910544e-01,3.097384716923746173e-01,1.183657064482684373e-01
2.545268488301087872e-01,3.141753301726430414e-01,1.215192611497542263e-01
2.552777460907490470e-01,3.186192515548726401e-01,1.247566419647526681e-01
2.559689326584739244e-01,3.230697335370501522e-01,1.280779454641026716e-01
2.566014283468814328e-01,3.275262619738038006e-01,1.314831920652075048e-01
2.571763472868398570e-01,3.319883114207334285e-01,1.349723294578716037e-01
2.576949025310606434e-01,3.364553456888182414e-01,1.385452358790323080e-01
2.581584107894374092e-01,3.409268184095895493e-01,1.422017232151095434e-01
2.585682972869031149e-01,3.454021736116918984e-01,1.459415399160786109e-01
2.589261007330944109e-01,3.498808463094101318e-01,1.497643737103586947e-01
2.592334783902639495e-01,3.543622631036655313e-01,1.536698541141510999e-01
2.594922112226663025e-01,3.588458427959335673e-01,1.576575547329429339e-01
2.597042091070299596e-01,3.633309970154606217e-01,1.617269953564675067e-01
2.598715160796067347e-01,3.678171308600998168e-01,1.658776438515039142e-01
2.599963155907990542e-01,3.723036435510033160e-01,1.701089178595165397e-01
2.600809357332446448e-01,3.767899291013550589e-01,1.744201863082881498e-01
2.601278544037708418e-01,3.812753769992265895e-01,1.788107707484395126e-01
2.601397043534482423e-01,3.857593729045956099e-01,1.832799465270710249e-01
2.601192780734737919e-01,3.902412993604573721e-01,1.878269438117550205e-01
2.600695324574634482e-01,3.947205365178964032e-01,1.924509484787899904e-01
2.599935931732226813e-01,3.991964628749044008e-01,1.971511028800336796e-01
2.598947586691178202e-01,4.036684560286343260e-01,2.019265065027992523e-01
2.597765037319431647e-01,4.081358934407092187e-01,2.067762165372752370e-01
2.596424825047684570e-01,4.125981532151105080e-01,2.116992483657176849e-01
2.594965308648185531e-01,4.170546148880888704e-01,2.166945759873337152e-01
2.593426680532213147e-01,4.215046602294497680e-01,2.217611323923205369e-01
2.591850974406826325e-01,4.259476740544774209e-01,2.268978098979805291e-01
2.590282063060608264e-01,4.303830450456867518e-01,2.321034604592316364e-01
2.588765644989606818e-01,4.348101665834839258e-01,2.373768959651652577e-01
2.587349218529454986e-01,4.392284375847559375e-01,2.427168885326176362e-01
2.586082042136097492e-01,4.436372633483020578e-01,2.481221708069988874e-01
2.585015079456549625e-01,4.480360564059553963e-01,2.535914362798994959e-01
2.584200927861576846e-01,4.524242373781560134e-01,2.591233396322586424e-01
2.583693729177092280e-01,4.568012358326506983e-01,2.647164971111526377e-01
2.583549061456325568e-01,4.611664911449412929e-01,2.703694869475410378e-01
2.583823810786578523e-01,4.655194533589994133e-01,2.760808498215997497e-01
2.584576022323910038e-01,4.698595840467358342e-01,2.818490893815818188e-01
2.585864730003501477e-01,4.741863571646148245e-01,2.876726728214712980e-01
2.587749764680208897e-01,4.784992599057675267e-01,2.935500315220415657e-01
2.590291540815845561e-01,4.827977935458956371e-01,2.994795617593026815e-01
2.593550822241771359e-01,4.870814742812059062e-01,3.054596254836990932e-01
2.597588467983601990e-01,4.913498340565823352e-01,3.114885511728419654e-01
2.602465159629298586e-01,4.956024213821592084e-01,3.175646347599851982e-01
2.608241112241490023e-01,4.998388021364298939e-01,3.236861406399006436e-01
2.614975771344758559e-01,5.040585603540077564e-01,3.298513027532976594e-01
2.622727499039750887e-01,5.082612989961355909e-01,3.360583257504078381e-01
2.631553252789934350e-01,5.124466407020353831e-01,3.423053862338821807e-01
2.641508260870646385e-01,5.166142285191864802e-01,3.485906340806756432e-01
2.652645698841775701e-01,5.207637266106361906e-01,3.549121938421530564e-01
2.665016371684149066e-01,5.248948209374536544e-01,3.612681662212141598e-01
2.678668406406479741e-01,5.290072199144666421e-01,3.676566296248415244e-01
2.693646959966612409e-01,5.331006550374569608e-01,3.740756417900686359e-01
2.709993947250977087e-01,5.371748814800284544e-01,3.805232414810146846e-01
2.727747793611178806e-01,5.412296786584076536e-01,3.869974502542652961e-01
2.746943216069869798e-01,5.452648507625056373e-01,3.934962742895594112e-01
2.767611036789525136e-01,5.492802272516256190e-01,4.000177062824221697e-01
2.789778031760722365e-01,5.532756633132819291e-01,4.065597273950996016e-01
2.813466816936273651e-01,5.572510402836748922e-01,4.131203092618685457e-01
2.838695773237827624e-01,5.612062660284619087e-01,4.196974160445564594e-01
2.865479011026303979e-01,5.651412752825517583e-01,4.262890065338584278e-01
2.893826373785616246e-01,5.690560299477699369e-01,4.328930362918461117e-01
2.923743479956036340e-01,5.729505193473329872e-01,4.395074598308597591e-01
2.955231801094872490e-01,5.768247604362094494e-01,4.461302328238153092e-01
2.988288773868637005e-01,5.806787979665458677e-01,4.527593143408093490e-01
3.022907942808323867e-01,5.845127046074843902e-01,4.593926691067835022e-01
3.059079130307277294e-01,5.883265810188115230e-01,4.660282697749093539e-01
3.096788630013191934e-01,5.921205558780293643e-01,4.726640992102721373e-01
3.136019419568578659e-01,5.958947858605689873e-01,4.792981527783855555e-01
3.176751388578606394e-01,5.996494555730145226e-01,4.859284406330211525e-01
3.218961577727594281e-01,6.033847774393447105e-01,4.925529899978474124e-01
3.262624425108009429e-01,6.071009915403412505e-01,4.991698474363600035e-01
3.307712016055450177e-01,6.107983654064720325e-01,5.057770811046438109e-01
3.354194333081649271e-01,6.144771937646815729e-01,5.123727829815436507e-01
3.402039502845826124e-01,6.181377982396821791e-01,5.189550710709111003e-01
3.451214037486715069e-01,6.217805270104624915e-01,5.255220915706889651e-01
3.501683068034988633e-01,6.254057544228981413e-01,5.320720210037117592e-01
3.553410568026705851e-01,6.290138805594450711e-01,5.386030683052414059e-01
3.606359565827144675e-01,6.326053307670638226e-01,5.451134768624215088e-01
3.660492344544061250e-01,6.361805551446314544e-01,5.516015265009927004e-01
3.715770628750756921e-01,6.397400279912202059e-01,5.580655354148220670e-01
3.772155757547827615e-01,6.432842472167450421e-01,5.645038620339984936e-01
3.829608843764046311e-01,6.468137337165873468e-01,5.709149068274685934e-01
3.888090919332562456e-01,6.503290307119028446e-01,5.772971140364303588e-01
3.947563067075017806e-01,6.538307030574164180e-01,5.836489733349478071e-01
4.007986539288356798e-01,6.573193365186040804e-01,5.899690214145106859e-01
4.069322863656471556e-01,6.607955370202226453e-01,5.962558434895320891e-01
4.131533937106522947e-01,6.642599298682366760e-01,6.025080747210690424e-01
4.194582108298515744e-01,6.677131589472384832e-01,6.087244015563041399e-01
4.258430249483311503e-01,6.711558858955172235e-01,6.149035629816668180e-01
4.323041818488008170e-01,6.745887892599794489e-01,6.210443516877209857e-01
4.388380911595787803e-01,6.780125636331456596e-01,6.271456151442775795e-01
4.454412308080649141e-01,6.814279187744803901e-01,6.332062565844737145e-01
4.521101507138772235e-01,6.848355787183305621e-01,6.392252358968676385e-01
4.588414757932207100e-01,6.882362808707430668e-01,6.452015704248942329e-01
4.656319083426506134e-01,6.916307750974398649e-01,6.511343356733317878e-01
4.724782298666300728e-01,6.950198228052048011e-01,6.570226659217021092e-01
4.793773024091380619e-01,6.984041960189346643e-01,6.628657547448429943e-01
4.863260694454010769e-01,7.017846764565502937e-01,6.686628554411531145e-01
4.933215563854129182e-01,7.051620546039540915e-01,6.744132813692855777e-01
5.003608707367399600e-01,7.085371287921590211e-01,6.801164061943524297e-01
5.074412019698752996e-01,7.119107042786625428e-01,6.857716640449299517e-01
5.145598211254402976e-01,7.152835923350896463e-01,6.913785495824340543e-01
5.217140801987284471e-01,7.186566093430549751e-01,6.969366179846467890e-01
5.289014113335084311e-01,7.220305759001232060e-01,7.024454848454260159e-01
5.361193258536453010e-01,7.254063159376844538e-01,7.079048259928230058e-01
5.433654131580012425e-01,7.287846558524503360e-01,7.133143772280491346e-01
5.506373395012815752e-01,7.321664236532359205e-01,7.186739339879355537e-01
5.579328466807704778e-01,7.355524481245500068e-01,7.239833509336742745e-01
5.652497506466124255e-01,7.389435580084857680e-01,7.292425414688363805e-01
5.725859400511195130e-01,7.423405812062420228e-01,7.344514771897938665e-01
5.799393747505845464e-01,7.457443440005796509e-01,7.396101872718137127e-01
5.873080842713996885e-01,7.491556703003596773e-01,7.447187577942453451e-01
5.946901662506595132e-01,7.525753809082487145e-01,7.497773310083060139e-01
6.020837848600203435e-01,7.560042928125739747e-01,7.547861045511207179e-01
6.094871692203785996e-01,7.594432185042002681e-01,7.597453306097344816e-01
6.168986118137759211e-01,7.628929653192106919e-01,7.646553150389238107e-01
6.243164668979531706e-01,7.663543348080926743e-01,7.695164164367138682e-01
6.317391489281543038e-01,7.698281221320089074e-01,7.743290451815770803e-01
6.391651309898782607e-01,7.733151154866791943e-01,7.790936624353590467e-01
6.465929432457873105e-01,7.768160955542703361e-01,7.838107791160419113e-01
6.540211713991632703e-01,7.803318349836475543e-01,7.884809548445201877e-01
6.614484551759030051e-01,7.838630978992385812e-01,7.931047968696163242e-01
6.688734868265147071e-01,7.874106394386884977e-01,7.976829589756332384e-01
6.762950096491494589e-01,7.909752053194190058e-01,8.022161403768091059e-01
6.837118165343112342e-01,7.945575314341452033e-01,8.067050846031026401e-01
6.911227485315543095e-01,7.981583434753295458e-01,8.111505783818370174e-01
6.985266934381008097e-01,8.017783565885219232e-01,8.155534505198158701e-01
7.059225844090911695e-01,8.054182750544661706e-01,8.199145707906531078e-01
7.133093985887734023e-01,8.090787919998491118e-01,8.242348488321944444e-01
7.206861557617620928e-01,8.127605891365028423e-01,8.285152330590879188e-01
7.280519170231170012e-01,8.164643365288876131e-01,8.327567095957710830e-01
7.354057834657410364e-01,8.201906923896579160e-01,8.369603012353987737e-01
7.427468948832581797e-01,8.239403029031189263e-01,8.411270664305628975e-01
7.500744284861928790e-01,8.277138020764176485e-01,8.452580983220399080e-01
7.573875976288846346e-01,8.315118116183255470e-01,8.493545238122813812e-01
7.646856505440997598e-01,8.353349408455457148e-01,8.534175026909536221e-01
7.719678690818559952e-01,8.391837866165410276e-01,8.574482268205436686e-01
7.792335674483020780e-01,8.430589332929918633e-01,8.614479193909492238e-01
7.864820909398325677e-01,8.469609527291228623e-01,8.654178342530297607e-01
7.937128146667413731e-01,8.508904042893122854e-01,8.693592553424555058e-01
8.009251422596692649e-01,8.548478348946243477e-01,8.732734962068292583e-01
8.081185045508487708e-01,8.588337790991773524e-01,8.771618996510954780e-01
8.152923582205620079e-01,8.628487591976293780e-01,8.810258375187983715e-01
8.224461843972864505e-01,8.668932853654887083e-01,8.848667106299088481e-01
8.295794871975198381e-01,8.709678558345659294e-01,8.886859488999300227e-01
8.366917921882693898e-01,8.750729571065675172e-01,8.924850116699991620e-01
8.437826447511656003e-01,8.792090642088000729e-01,8.962653882840970754e-01
8.508516083221554505e-01,8.833766409971465228e-01,9.000285989576299883e-01
8.578982624742022001e-01,8.875761405130391246e-01,9.037761959922057109e-01
8.649222008018085939e-01,8.918080054032333503e-01,9.075097654051235141e-01
8.719230285549458559e-01,8.960726684139019849e-01,9.112309290601824374e-01
8.789003599547122736e-01,9.003705529742623836e-01,9.149413474103527122e-01
8.858538151027305352e-01,9.047020738899109737e-01,9.186427229951668050e-01
8.927830163680159359e-01,9.090676381729342337e-01,9.223368048796386498e-01
8.996875840960845139e-01,9.134676460454188573e-01,9.260253942823536422e-01
9.065671314296133154e-01,9.179024921666253389e-01,9.297103517258324956e-01
9.134212579503343532e-01,9.223725671537430504e-01,9.333936061645028426e-01
9.202495417346211459e-01,9.268782594951793241e-01,9.370771667239862213e-01
9.270515292392422779e-01,9.314199579990724009e-01,9.407631379515017933e-01
9.338267221624904080e-01,9.359980549874096223e-01,9.444537398843195763e-01
9.405745599956125691e-01,9.406129505538247670e-01,9.481513348841991151e-01
9.472943962742984558e-01,9.452650583803535733e-01,9.518584642288251407e-01
9.539854653387546124e-01,9.499548139112851119e-01,9.555778992147431206e-01
9.606468342706232511e-01,9.546826862238503297e-01,9.593127146454029086e-01
9.672773306496683654e-01,9.594491959576308959e-01,9.630663984002810762e-01
9.738754286870908716e-01,9.642549437251631828e-01,9.668430223890257524e-01
9.804390586518171302e-01,9.691006579372424268e-01,9.706475253253746827e-01
9.869652616784628796e-01,9.739872819670171156e-01,9.744862182945769336e-01
9.934494917789208346e-01,9.789161515500567345e-01,9.783677927350370451e-01
9.998839485190403886e-01,9.838894214569747776e-01,9.823056922080132258e-01
1.000000000000000000e+00,9.889114448700465632e-01,9.863255994797598403e-01
1.000000000000000000e+00,9.940008686187918885e-01,9.905288685438226048e-01
