2.086123093261978357e-05,2.000487141216131208e-05,1.984632954910302586e-05
3.784636963479034370e-04,3.342282191117623160e-04,4.069412236210728502e-04
1.095259969443380943e-03,9.468109918263360909e-04,1.222775781347363493e-03
2.132790658630915725e-03,1.818486163472587697e-03,2.451753501952810572e-03
3.470657394898139618e-03,2.928995462733112020e-03,4.095389503309807520e-03
5.094495856943830232e-03,4.265331975722715975e-03,6.160885631705955399e-03
6.992783529238415924e-03,5.818390974728073969e-03,8.658330405516431738e-03
9.155521749984962820e-03,7.581526614690719222e-03,1.159957873869270177e-02
1.157357259769436347e-02,9.549798999915632899e-03,1.499769483991697343e-02
1.423828280279306434e-02,1.171953317231189812e-02,1.886663390403744631e-02
1.714125231706473823e-02,1.408803967041274627e-02,2.322104045133320527e-02
2.027418319782332487e-02,1.665342708715020215e-02,2.807610931490819514e-02
2.362877641291327713e-02,1.941447080926468269e-02,3.344748257777875600e-02
2.719665889653286039e-02,2.237051797130793634e-02,3.935116811174865781e-02
3.096933059990028547e-02,2.552141678091153151e-02,4.552345574461793415e-02
3.493812528177762250e-02,2.886746283107864339e-02,5.167491004316759201e-02
3.909418106703718698e-02,3.240935760198023624e-02,5.781995282981713252e-02
4.331782221553909934e-02,3.614817592534514540e-02,6.396246862703461322e-02
4.744369955194643190e-02,4.008534017543373407e-02,7.010568389098861819e-02
5.148364868509303777e-02,4.406301102251417717e-02,7.625227674793247368e-02
5.543957560548471580e-02,4.800303740372665467e-02,8.240446207362636666e-02
5.931299557523968952e-02,5.191435775947304126e-02,8.856405838666767116e-02
6.310508994336799793e-02,5.580042394116812438e-02,9.473254110981793596e-02
6.681675187221594592e-02,5.966439630532276855e-02,1.009110854651524558e-01
7.044862349017985692e-02,6.350918376312481017e-02,1.071006013849045979e-01
7.400112633407909812e-02,6.733747673247944543e-02,1.133017622019450443e-01
7.747448648040683450e-02,7.115177445196879669e-02,1.195150284445153088e-01
8.086875542894145230e-02,7.495440777043133052e-02,1.257406677426791686e-01
8.418382755595624212e-02,7.874755827175189404e-02,1.319787716217585283e-01
8.741945477128418296e-02,8.253327440532454151e-02,1.382292697858193697e-01
9.057525887586834190e-02,8.631348515025633050e-02,1.444919423650423973e-01
9.365074201174811153e-02,9.009001163302204906e-02,1.507664305027582585e-01
9.664529551592695999e-02,9.386457703500206140e-02,1.570522455827537966e-01
9.955820742702986559e-02,9.763881506176069758e-02,1.633487773392771347e-01
1.023886688445703463e-01,1.014142771954159583e-01,1.696553010467294897e-01
1.051357793017241304e-01,1.051924389116482839e-01,1.759709839502408002e-01
1.077985512813303126e-01,1.089747050112954696e-01,1.822948910699015990e-01
1.103759139795739141e-01,1.127624141912248468e-01,1.886259904886766481e-01
1.128667164011099844e-01,1.165568429588662303e-01,1.949631582156847176e-01
1.152697298522006586e-01,1.203592089783540042e-01,2.013051827016230644e-01
1.175836498839347155e-01,1.241706739228699841e-01,2.076507690709325504e-01
1.198070977252013447e-01,1.279923458968500738e-01,2.139985431252536818e-01
1.219386212342024878e-01,1.318252814827494124e-01,2.203470551643819109e-01
1.239766953876155209e-01,1.356704874596525168e-01,2.266947836639794933e-01
1.259197223176034275e-01,1.395289222348819191e-01,2.330401388434284460e-01
1.277660308985098248e-01,1.434014970246459963e-01,2.393814661522453147e-01
1.295138758769674714e-01,1.472890768155020180e-01,2.457170496992358011e-01
1.311614365310590224e-01,1.511924811348160924e-01,2.520451156449171060e-01
1.327068148358621358e-01,1.551124846553878500e-01,2.583638355745746518e-01
1.341480331039925922e-01,1.590498176568320710e-01,2.646713298665583358e-01
1.354830310603041821e-01,1.630051663641310378e-01,2.709656710679983482e-01
1.367096622995112865e-01,1.669791731818990044e-01,2.772448872879703652e-01
1.378256900638458737e-01,1.709724368412776641e-01,2.835069656162211849e-01
1.388287822645501712e-01,1.749855124749783997e-01,2.897498555738489134e-01
1.397165056556215756e-01,1.790189116347614684e-01,2.959714726007758312e-01
1.404863190503287396e-01,1.830731022645379902e-01,3.021697015834392541e-01
1.411355654497943590e-01,1.871485086413195165e-01,3.083424004248420669e-01
1.416614629277808679e-01,1.912455112953525549e-01,3.144874036579215493e-01
1.420610940855898952e-01,1.953644469199722344e-01,3.206025261021075989e-01
1.423313938544980839e-01,1.995056082809658626e-01,3.266855665619504689e-01
1.424691353787314874e-01,2.036692441345444027e-01,3.327343115657621642e-01
1.424709136576230439e-01,2.078555591623565402e-01,3.387465391413755356e-01
1.423331265585054128e-01,2.120647139313632801e-01,3.447200226253328559e-01
1.420519527286206451e-01,2.162968248857761733e-01,3.506525345010886308e-01
1.416233258302083686e-01,2.205519643776834293e-01,3.565418502611575335e-01
1.410429043917506287e-01,2.248301607424095239e-01,3.623857522875196246e-01
1.403060364018605399e-01,2.291313984240954116e-01,3.681820337440485091e-01
1.394077175592839113e-01,2.334556181564276800e-01,3.739285024742364794e-01
1.383425418175721344e-01,2.378027172028953085e-01,3.796229848970406051e-01
1.371046425049925188e-01,2.421725496604136274e-01,3.852633298932931494e-01
1.356876218295471337e-01,2.465649268296093433e-01,3.908474126747814581e-01
1.340844659535859740e-01,2.509796176545292523e-01,3.963731386278281921e-01
1.322874419822148151e-01,2.554163492340144059e-01,4.018384471229730082e-01
1.302879720671060171e-01,2.598748074064443636e-01,4.072413152821831028e-01
1.280764782527643586e-01,2.643546374090615103e-01,4.125797616949094526e-01
1.256421894916592563e-01,2.688554446125681063e-01,4.178518500742336994e-01
1.229728991300239327e-01,2.733767953311986298e-01,4.230556928443413578e-01
1.200546566528147008e-01,2.779182177079932980e-01,4.281894546505991550e-01
1.168713708317898059e-01,2.824792026745309159e-01,4.332513557836022988e-01
1.134042914297594962e-01,2.870592049839281734e-01,4.382396755087049067e-01
1.096313212320077779e-01,2.916576443154798581e-01,4.431527552927378988e-01
1.055260858553909720e-01,2.962739064489051111e-01,4.479890019198514151e-01
1.010566491539809653e-01,3.009073445057786067e-01,4.527468904887200218e-01
9.618369518660710438e-02,3.055572802553453982e-01,4.574249672836556146e-01
9.085788033384756268e-02,3.102230054815899307e-01,4.620218525125686093e-01
8.501584317066226970e-02,3.149037834081049869e-01,4.665362429051100324e-01
7.857393946724036682e-02,3.195988501770169465e-01,4.709669141647797042e-01
7.141789477626109273e-02,3.243074163779673391e-01,4.753127232692674897e-01
6.338458572857005868e-02,3.290286686229114133e-01,4.795726106138003542e-01
5.422716348859463881e-02,3.337617711622960504e-01,4.837456019928087492e-01
4.354016737121873398e-02,3.385058675380042681e-01,4.878308104157757508e-01
3.111836014029510655e-02,3.432600822683142816e-01,4.918274377537300013e-01
1.828626620203741004e-02,3.480235225599988547e-01,4.957347762134171609e-01
5.189176057405566617e-03,3.527952800426240043e-01,4.995522096368062992e-01
0.000000000000000000e+00,3.575744325200334583e-01,5.032792146242021092e-01
0.000000000000000000e+00,3.623600457340025449e-01,5.069153614798406204e-01
0.000000000000000000e+00,3.671511751350316488e-01,5.104603149794894046e-01
0.000000000000000000e+00,3.719468676552905584e-01,5.139138349601670708e-01
0.000000000000000000e+00,3.767461634787874214e-01,5.172757767327195166e-01
0.000000000000000000e+00,3.815480978039073601e-01,5.205460913185933070e-01
0.000000000000000000e+00,3.863517025935864768e-01,5.237248255127167074e-01
0.000000000000000000e+00,3.911560083085072193e-01,5.268121217749881513e-01
0.000000000000000000e+00,3.959600456188631101e-01,5.298082179534030489e-01
0.000000000000000000e+00,4.007628470903945028e-01,5.327134468423764257e-01
0.000000000000000000e+00,4.055634488406080762e-01,5.355282355803340222e-01
0.000000000000000000e+00,4.103608921612681981e-01,5.382531048910900173e-01
0.000000000000000000e+00,4.151542251034998632e-01,5.408886681739825120e-01
0.000000000000000000e+00,4.199425040220343130e-01,5.434356304481520183e-01
0.000000000000000000e+00,4.247247950754018953e-01,5.458947871567007004e-01
0.000000000000000000e+00,4.295001756791126390e-01,5.482670228368229370e-01
0.000000000000000000e+00,4.342677359091061673e-01,5.505533096622888811e-01
0.000000000000000000e+00,4.390265798530417762e-01,5.527547058649363576e-01
0.000000000000000000e+00,4.437758269072375472e-01,5.548723540420280598e-01
0.000000000000000000e+00,4.485146130173464640e-01,5.569074793565430559e-01
0.000000000000000000e+00,4.532420918611131389e-01,5.588613876376000711e-01
0.000000000000000000e+00,4.579574359718271981e-01,5.607354633883220307e-01
0.000000000000000000e+00,4.626598378013414004e-01,5.625311677085308437e-01
0.000000000000000000e+00,4.673485107217811296e-01,5.642500361396777242e-01
0.000000000000000000e+00,4.720226899653212072e-01,5.658936764394316699e-01
0.000000000000000000e+00,4.766816335016492157e-01,5.674637662932973114e-01
0.000000000000000000e+00,4.813246228529685644e-01,5.689620509705608509e-01
0.000000000000000000e+00,4.859509638466202319e-01,5.703903409317730988e-01
0.000000000000000000e+00,4.905599873056201710e-01,5.717505093948254125e-01
0.000000000000000000e+00,4.951510496776104220e-01,5.730444898665300046e-01
0.000000000000000000e+00,4.997235336029231534e-01,5.742742736464064857e-01
0.000000000000000000e+00,5.042768484226278769e-01,5.754419073091791015e-01
0.000000000000000000e+00,5.088104306276255429e-01,5.765494901722454379e-01
0.000000000000000000e+00,5.133237442499749559e-01,5.775991717541046899e-01
0.000000000000000000e+00,5.178162811978260782e-01,5.785931492294879019e-01
0.000000000000000000e+00,5.222875615354276579e-01,5.795336648866040719e-01
0.000000000000000000e+00,5.267371337098257777e-01,5.804230035916361219e-01
0.000000000000000000e+00,5.311645747259611250e-01,5.812634902652841218e-01
0.000000000000000000e+00,5.355694902719687622e-01,5.820574873758413981e-01
0.000000000000000000e+00,5.399515147965801010e-01,5.828073924529293404e-01
0.000000000000000000e+00,5.443103115405724113e-01,5.835156356257064081e-01
0.000000000000000000e+00,5.486455725242935788e-01,5.841846771889954715e-01
0.000000000000000000e+00,5.529570184933206844e-01,5.848170052004454389e-01
0.000000000000000000e+00,5.572443988243527269e-01,5.854151331114968437e-01
0.000000000000000000e+00,5.615074913934577916e-01,5.859815974345717882e-01
0.000000000000000000e+00,5.657461024088199508e-01,5.865189554485912282e-01
0.000000000000000000e+00,5.699600662101202975e-01,5.870297829445713100e-01
0.000000000000000000e+00,5.741492450366968425e-01,5.875166720127514841e-01
0.000000000000000000e+00,5.783135287666062441e-01,5.879822288723828283e-01
0.000000000000000000e+00,5.824528346286923508e-01,5.884290717450159081e-01
0.000000000000000000e+00,5.865671068897423401e-01,5.888598287718299629e-01
0.000000000000000000e+00,5.906563165187663778e-01,5.892771359752969618e-01
0.000000000000000000e+00,5.947204608304055284e-01,5.896836352651889657e-01
0.000000000000000000e+00,5.987595631094208004e-01,5.900819724887182982e-01
0.000000000000000000e+00,6.027736722181650242e-01,5.904747955243808688e-01
0.000000000000000000e+00,6.067628621888818685e-01,5.908647524188556099e-01
0.000000000000000000e+00,6.107272318026188973e-01,5.912544895661342448e-01
0.000000000000000000e+00,6.146669041564730707e-01,5.916466499279040558e-01
0.000000000000000000e+00,6.185820262208251430e-01,5.920438712940460091e-01
9.465092174820300200e-03,6.224727683881454698e-01,5.924487845819912391e-01
4.631598443535987070e-02,6.263393240148833474e-01,5.928640121735896384e-01
7.557152821843493573e-02,6.301819089578861721e-01,5.932921662880383806e-01
9.868119535578567803e-02,6.340007611067057791e-01,5.937358473893843414e-01
1.185662857618769717e-01,6.377961399130948061e-01,5.941976426270506595e-01
1.364216986391367792e-01,6.415683259188950105e-01,5.946801243078343457e-01
1.528683123358121343e-01,6.453176202834738362e-01,5.951858483978094139e-01
1.682745829257061010e-01,6.490443443117686062e-01,5.957173530525987637e-01
1.828787657293839131e-01,6.527488389839262162e-01,5.962771571745048016e-01
1.968445054909823133e-01,6.564314644874689186e-01,5.968677589950520668e-01
2.102893516294764287e-01,6.600925997528231948e-01,5.974916346815565271e-01
2.233007147395567049e-01,6.637326419929926447e-01,5.981512369664311324e-01
2.359454064298742715e-01,6.673520062480816639e-01,5.988489937980236988e-01
2.482756484267439889e-01,6.709511249353066198e-01,5.995873070119109860e-01
2.603330211550681783e-01,6.745304474050664023e-01,6.003685510216715260e-01
2.721511507404878460e-01,6.780904395035938226e-01,6.011950715283149727e-01
2.837575921688718639e-01,6.816315831426174032e-01,6.020691842476647571e-01
2.951751826932317857e-01,6.851543758764419012e-01,6.029931736551392696e-01
3.064230358808424093e-01,6.886593304867617560e-01,6.039692917475226741e-01
3.175172856991706483e-01,6.921469745754982306e-01,6.049997568214658950e-01
3.284716528761537635e-01,6.956178501658771829e-01,6.060867522685963182e-01
3.392978824209637034e-01,6.990725133119279899e-01,6.072324253872622979e-01
3.500060861189426276e-01,7.025115337165253049e-01,6.084388862110825524e-01
3.606050138482838618e-01,7.059354943580621322e-01,6.097082063545804509e-01
3.711022708335521836e-01,7.093449911257935225e-01,6.110424178763376180e-01
3.815044933146027328e-01,7.127406324638482227e-01,6.124435121601765619e-01
3.918174918598638090e-01,7.161230390238755295e-01,6.139134388150047084e-01
4.020463692393881350e-01,7.194928433262586243e-01,6.154541045940331578e-01
4.121956181016202536e-01,7.228506894297809238e-01,6.170673723341367767e-01
4.222692024742716321e-01,7.261972326096189922e-01,6.187550599161923959e-01
4.322706262030105995e-01,7.295331390435032537e-01,6.205189392472558740e-01
4.422029907621060074e-01,7.328590855058467746e-01,6.223607352654504377e-01
4.520690443566109384e-01,7.361757590696448306e-01,6.242821249684374907e-01
4.618712238420357719e-01,7.394838568159078918e-01,6.262847364663184369e-01
4.716116906839737388e-01,7.427840855503756723e-01,6.283701480597577715e-01
4.812923619436722533e-01,7.460771615272547841e-01,6.305398873440665186e-01
4.909149370903372334e-01,7.493638101796828987e-01,6.327954303398781732e-01
5.004809212944734131e-01,7.526447658566468579e-01,6.351382006509675993e-01
5.099916457400295311e-01,7.559207715660297700e-01,6.375695686496031245e-01
5.194482853998211302e-01,7.591925787234912182e-01,6.400908506897156069e-01
5.288518746435107998e-01,7.624609469068482914e-01,6.427033083479651854e-01
5.382033209864027778e-01,7.657266436156487943e-01,6.454081476926399885e-01
5.475034172377570840e-01,7.689904440355951332e-01,6.482065185801069163e-01
5.567528522664286772e-01,7.722531308075070156e-01,6.510995139783252172e-01
5.659522205683193974e-01,7.755154938004878984e-01,6.540881693167245325e-01
5.751020307922289909e-01,7.787783298889840999e-01,6.571734618614983869e-01
5.842027133577614162e-01,7.820424427334130568e-01,6.603563101151241899e-01
5.932546272796397346e-01,7.853086425640634083e-01,6.636375732386733395e-01
6.022580662966886544e-01,7.885777459679631507e-01,6.670180504951919165e-01
6.112132643901792006e-01,7.918505756784428584e-01,6.704984807121795454e-01
6.201204007647778127e-01,7.951279603671174145e-01,6.740795417608861362e-01
6.289796043556268312e-01,7.984107344380528826e-01,6.777618500498830967e-01
6.377909579168442589e-01,8.016997378238821526e-01,6.815459600300315390e-01
6.465545017396521210e-01,8.049958157836828443e-01,6.854323637076749076e-01
6.552702370423718614e-01,8.082998187024467152e-01,6.894214901625506098e-01
6.639381290692887294e-01,8.116126018920113427e-01,6.935137050665545200e-01
6.725581099309246857e-01,8.149350253933749233e-01,6.977093101991447277e-01
6.811300812144799322e-01,8.182679537803412284e-01,7.020085429547429090e-01
6.896539163897464908e-01,8.216122559645308021e-01,7.064115758370873577e-01
6.981294630329681894e-01,8.249688050018297858e-01,7.109185159349943328e-01
7.065565448885533506e-01,8.283384779004527854e-01,7.155294043734566900e-01
7.149349637863327001e-01,8.317221554308559250e-01,7.202442157334090211e-01
7.232645014300547182e-01,8.351207219378800062e-01,7.250628574327991904e-01
7.315449210711231220e-01,8.385350651555929513e-01,7.299851690608025745e-01
7.397759690800208565e-01,8.419660760254729093e-01,7.350109216561026004e-01
7.479573764264452196e-01,8.454146485187447047e-01,7.401398169190575027e-01
7.560888600779543944e-01,8.488816794638808227e-01,7.453714863462765905e-01
7.641701243257518206e-01,8.523680683805516800e-01,7.507054902745963210e-01
7.722008620451644711e-01,8.558747173215930371e-01,7.561413168195715295e-01
7.801807558973070655e-01,8.594025307249403278e-01,7.616783806913538513e-01
7.881094794774787804e-01,8.629524152779202151e-01,7.673160218681036593e-01
7.959866984147617730e-01,8.665252797968420184e-01,7.730535041037274180e-01
8.038120714263135014e-01,8.701220351254970176e-01,7.788900132426352929e-01
8.115852513286584413e-01,8.737435940570280613e-01,7.848246553091328126e-01
8.193058860070943084e-01,8.773908712846445468e-01,7.908564543327561980e-01
8.269736193428509630e-01,8.810647833879906576e-01,7.969843498629671785e-01
8.345880920959636295e-01,8.847662488636183209e-01,8.032071941166910589e-01
8.421489427397412797e-01,8.884961882101081176e-01,8.095237486895958678e-01
8.496558082401202139e-01,8.922555240811074206e-01,8.159326807459158504e-01
8.571083247698231267e-01,8.960451815230582318e-01,8.224325585809052486e-01
8.645061283429853471e-01,8.998660883189673054e-01,8.290218464230664219e-01
8.718488553501190230e-01,9.037191754656630494e-01,8.356988983079344235e-01
8.791361429655171200e-01,9.076053778201143007e-01,8.424619508082272779e-01
8.863676293886759705e-01,9.115256349613861664e-01,8.493091143421355182e-01
8.935429538665247140e-01,9.154808923299480039e-01,8.562383626956595606e-01
9.006617564224407291e-01,9.194721027271032243e-01,8.632475202763876254e-01
9.077236771882192246e-01,9.235002282871392909e-01,8.703342464497892950e-01
9.147283551913694133e-01,9.275662430777976697e-01,8.774960160715401525e-01
9.216754263848840889e-01,9.316711365478997919e-01,8.847300949833090122e-01
9.285645206071337920e-01,9.358159181360248269e-01,8.920335087238210336e-01
9.353952570036127012e-01,9.400016235008055165e-01,8.994030019193707259e-01
9.421672371915744693e-01,9.442293230660817605e-01,9.068349845796390696e-01
9.488800350312708298e-01,9.485001339559052669e-01,9.143254595127805473e-01
9.555331811466337699e-01,9.528152370448835784e-01,9.218699216773972305e-01
9.621261390354572951e-01,9.571759020092321935e-01,9.294632142912788719e-01
9.686582671249669430e-01,9.615835254463586113e-01,9.370993153383717633e-01
9.751287560707312396e-01,9.660396915171821641e-01,9.447710058643632447e-01
9.815365194146338235e-01,9.705462741390146197e-01,9.524693233558053640e-01
9.878799882106289454e-01,9.751056230093625432e-01,9.601825878269266701e-01
9.941566819627799534e-01,9.797209410629207360e-01,9.678944665472396514e-01
1.000000000000000000e+00,9.843971882748895341e-01,9.755794356032999604e-01
1.000000000000000000e+00,9.891439869129227125e-01,9.831885038091655593e-01
1.000000000000000000e+00,9.940008686187918885e-01,9.905288685438226048e-01
