2.086123093261978357e-05,2.000487141216131208e-05,1.984632954910302586e-05
3.411895889103335193e-04,3.633498025699654081e-04,2.689742211168030393e-04
9.647171885789960870e-04,1.051739063712544674e-03,7.119853999570859449e-04
1.854473831132481777e-03,2.049191211726402589e-03,1.296740313727831042e-03
2.994147262930887520e-03,3.337413287709512476e-03,1.991079904949847029e-03
4.375758059259879547e-03,4.904180984522475001e-03,2.771204159322499406e-03
5.996071075424411895e-03,6.740232894141329201e-03,3.618036420081888801e-03
7.855023324142548780e-03,8.837979960421061404e-03,4.515598566841205058e-03
9.954889170519072572e-03,1.119085248500261733e-02,5.450143447913296905e-03
1.229978101839175782e-02,1.379292825172309146e-02,6.409637919568144000e-03
1.489532467551757562e-02,1.663870328438472185e-02,7.383430431073117160e-03
1.774843450217921531e-02,1.972294238208776446e-02,8.362024720887479071e-03
2.086714956151592207e-02,2.304057763246206147e-02,9.336918598054572485e-03
2.426050904074067080e-02,2.658663745853790186e-02,1.030048465507084170e-02
2.793845399748487793e-02,3.035619600645119223e-02,1.124587905231568680e-02
3.191174733233192312e-02,3.434433660744970473e-02,1.216696967942877509e-02
3.619190671448464791e-02,3.854612529592117698e-02,1.305827802842878665e-02
4.078456783589522877e-02,4.287133274446203873e-02,1.391493097094304195e-02
4.544921705943878038e-02,4.712167920414431915e-02,1.473261981444015482e-02
5.012599917742899952e-02,5.130585227975504453e-02,1.550756478963023419e-02
5.481918633646073319e-02,5.542653074423139342e-02,1.623648364640184125e-02
5.953251879456240153e-02,5.948603854826547271e-02,1.691656339917674279e-02
6.426927268764162648e-02,6.348640273673833434e-02,1.754543451948563718e-02
6.903231590513214666e-02,6.742940031578548155e-02,1.812114705851817359e-02
7.382415472604370033e-02,7.131659657010885889e-02,1.864214831767292344e-02
7.864697318109273305e-02,7.514937668478088861e-02,1.910726178544083428e-02
8.350266661772232091e-02,7.892897206596879989e-02,1.951566713421577434e-02
8.839287059103798083e-02,8.265648242239756471e-02,1.986688112762133307e-02
9.331898594433690741e-02,8.633289442540356684e-02,2.016073933245226060e-02
9.828220075046878446e-02,8.995909758419701197e-02,2.039737856270417218e-02
1.032835096409312203e-01,9.353589783673313396e-02,2.057722000885705421e-02
1.083237309402382276e-01,9.706402925310689267e-02,2.070095302535476800e-02
1.134035219394875504e-01,1.005441641689513443e-01,2.076951956441314487e-02
1.185233925785443010e-01,1.039769220048125664e-01,2.078409925588123666e-02
1.236837177561138368e-01,1.073628769793908144e-01,2.074609514162546742e-02
1.288847484476624006e-01,1.107025648866869216e-01,2.065712007939297587e-02
1.341266217801359573e-01,1.139964890770231720e-01,2.051898383578819665e-02
1.394093701877357205e-01,1.172451257578926709e-01,2.033368089121813382e-02
1.447329297532826964e-01,1.204489287112407991e-01,2.010337898172404048e-02
1.500971478237605183e-01,1.236083335081187839e-01,1.983040840373450839e-02
1.555017899757102917e-01,1.267237612888792442e-01,1.951725210814906838e-02
1.609465463955883080e-01,1.297956221666147492e-01,1.916653660993282784e-02
1.664310377315047773e-01,1.328243183029009511e-01,1.878102373870758901e-02
1.719548204655585721e-01,1.358102466977605394e-01,1.836360325476418809e-02
1.775173918499880210e-01,1.387538017297888504e-01,1.791728635358074556e-02
1.831181944453024457e-01,1.416553774773935404e-01,1.744520008039354697e-02
1.887566202943081473e-01,1.445153698478890136e-01,1.695058267468330104e-02
1.944320147623072037e-01,1.473341785376263424e-01,1.643677986266716198e-02
2.001436800706443142e-01,1.501122088433104185e-01,1.590724211406847541e-02
2.058908785480962345e-01,1.528498733420666222e-01,1.536552287760432206e-02
2.116728356222772334e-01,1.555475934555901329e-01,1.481527780781092402e-02
2.174887425712093703e-01,1.582058009117895403e-01,1.426026499405145566e-02
2.233377590534218471e-01,1.608249391156652830e-01,1.370434620081501138e-02
2.292190154333890173e-01,1.634054644396982503e-01,1.315148912675682090e-02
2.351316149177108961e-01,1.659478474427462935e-01,1.260577068832594710e-02
2.410746355162199928e-01,1.684525740253056125e-01,1.207138133229901031e-02
2.470471318410854544e-01,1.709201465279858445e-01,1.155263038007425802e-02
2.530481367559836992e-01,1.733510847791470966e-01,1.105395240517315081e-02
2.590766628865424637e-01,1.757459270968209086e-01,1.057991464403715103e-02
2.651317040024095961e-01,1.781052312493164036e-01,1.013522543887706434e-02
2.712122362806195786e-01,1.804295753782166611e-01,9.724743710020841703e-03
2.773172194592187223e-01,1.827195588868671394e-01,9.353489453880991372e-03
2.834455978895462636e-01,1.849758032968732147e-01,9.026655261312405490e-03
2.895963014949742287e-01,1.871989530745974128e-01,8.749618849725339376e-03
2.957682466434419788e-01,1.893896764291413126e-01,8.527956600821324715e-03
3.019603369406307358e-01,1.915486660828329135e-01,8.367458094215605297e-03
3.081714639502066144e-01,1.936766400147898748e-01,8.274141625466253924e-03
3.144005078471746595e-01,1.957743421777138337e-01,8.254270695095291405e-03
3.206463380100139093e-01,1.978425431876645324e-01,8.314371453060243056e-03
3.269078135569467025e-01,1.998820409861783443e-01,8.461251080764491811e-03
3.331837838313635447e-01,2.018936614737379398e-01,8.702017090047900819e-03
3.394730888411719993e-01,2.038782591132324296e-01,9.044097515659548989e-03
3.457745596565476309e-01,2.058367175017286610e-01,9.495261974434612492e-03
3.520870187703298848e-01,2.077699499085398638e-01,1.006364356077569210e-02
3.584092804250931796e-01,2.096788997772714436e-01,1.075776154401336497e-02
3.647401509106822370e-01,2.115645411892445593e-01,1.158654482880521093e-02
3.710784288358330851e-01,2.134278792854054640e-01,1.255935613488875016e-02
3.774229053773097142e-01,2.152699506435734600e-01,1.368601684721927961e-02
3.837723645097979031e-01,2.170918236076535557e-01,1.497683248178101161e-02
3.901255832196717788e-01,2.188945985651942761e-01,1.644261870617808388e-02
3.964813317055719821e-01,2.206794081694900544e-01,1.809472784743996684e-02
4.028383735686040246e-01,2.224474175022393418e-01,1.994507581237899702e-02
4.091954659948410788e-01,2.241998241726250174e-01,2.200616933826369040e-02
4.155513599326817742e-01,2.259378583485544545e-01,2.429113348358342972e-02
4.219048002675072073e-01,2.276627827157050588e-01,2.681373926026464627e-02
4.282545259959694151e-01,2.293758923599608646e-01,2.958843129990601506e-02
4.345992704021419684e-01,2.310785145688000752e-01,3.263035543745115147e-02
4.409377612376633726e-01,2.327720085472091971e-01,3.595538608625386406e-02
4.472687209079266313e-01,2.344577650437466021e-01,3.958015326877439150e-02
4.535908666662573085e-01,2.361372058824887654e-01,4.340610711893667234e-02
4.599029108179693570e-01,2.378117833967256511e-01,4.732590401287050524e-02
4.662035609360901112e-01,2.394829797604733357e-01,5.134612789646544190e-02
4.724915200904805102e-01,2.411523062141093243e-01,5.546464267595798553e-02
4.787654870919957895e-01,2.428213021807472671e-01,5.967968407178046025e-02
4.850241567532884157e-01,2.444915342702974059e-01,6.398980754118813175e-02
4.912662201677527318e-01,2.461645951685885181e-01,6.839384176082566325e-02
4.974903650080863549e-01,2.478421024093767078e-01,7.289084725283700994e-02
5.036952758458546064e-01,2.495256970275802622e-01,7.748007967454725864e-02
5.098796344933993474e-01,2.512170420926657100e-01,8.216095727788777503e-02
5.160421203693705827e-01,2.529178211217170125e-01,8.693303206087255042e-02
5.221814108891058570e-01,2.546297363724021601e-01,9.179596416628757471e-02
5.282961818810288923e-01,2.563545070167698170e-01,9.674949912371585969e-02
5.343851080301802448e-01,2.580938671975533394e-01,1.017934475746880840e-01
5.404468633499390773e-01,2.598495639694803905e-01,1.069276671637823251e-01
5.464801216829534569e-01,2.616233551288771331e-01,1.121520463190590067e-01
5.524835572322230881e-01,2.634170069357262833e-01,1.174664896823252869e-01
5.584558451232491949e-01,2.652322917331761953e-01,1.228709049830304934e-01
5.643956619980945444e-01,2.670709854703626207e-01,1.283651911790466282e-01
5.703016866421550812e-01,2.689348651352602704e-01,1.339492277133982057e-01
5.761726006443855796e-01,2.708257061051044801e-01,1.396228647584233373e-01
5.820070890916667627e-01,2.727452794227372412e-01,1.453859143382630337e-01
5.878038412979579297e-01,2.746953490079832583e-01,1.512381422372650330e-01
5.935615515688036359e-01,2.766776688138823381e-01,1.571792606162308314e-01
5.992789200017227813e-01,2.786939799382454064e-01,1.632089212707297232e-01
6.049546533229424039e-01,2.807460077015746513e-01,1.693267094761942981e-01
6.105874657608827416e-01,2.828354587028690803e-01,1.755321383734960439e-01
6.161760799567348457e-01,2.849640178652407263e-01,1.818246438563386469e-01
6.217192279124057475e-01,2.871333454835419685e-01,1.882035799283225674e-01
6.272156519760555549e-01,2.893450742863937220e-01,1.946682145030730615e-01
6.326641058653617034e-01,2.916008065250624837e-01,2.012177256255204827e-01
6.380633557285911861e-01,2.939021111015868715e-01,2.078511980964017902e-01
6.434121812434839827e-01,2.962505207483691616e-01,2.145676204853944613e-01
6.487093767538691935e-01,2.986475292711687768e-01,2.213658825211219372e-01
6.539537524438603366e-01,3.010945888670180093e-01,2.282447728485955674e-01
6.591441355493989906e-01,3.035931075280495772e-01,2.352029771466121466e-01
6.642793716068059462e-01,3.061444465416256477e-01,2.422390765991928041e-01
6.693583257379419615e-01,3.087499180964033973e-01,2.493515467164127419e-01
6.743798839714443272e-01,3.114107830031928037e-01,2.565387565009665249e-01
6.793429545994413843e-01,3.141282485385629153e-01,2.637989679575463708e-01
6.842464695690080312e-01,3.169034664182283079e-01,2.711303359426269211e-01
6.890893859075426509e-01,3.197375309062417403e-01,2.785309083525808749e-01
6.938706871810965682e-01,3.226314770650356434e-01,2.859986266481863160e-01
6.985893849846004366e-01,3.255862791502914244e-01,2.935313267135753468e-01
7.032445204627628677e-01,3.286028491536185370e-01,3.011267400475081679e-01
7.078351658603168062e-01,3.316820354949946981e-01,3.087824952845687476e-01
7.123604261001131865e-01,3.348246218659687856e-01,3.164961200434642796e-01
7.168194403874392773e-01,3.380313262236583349e-01,3.242650430990927646e-01
7.212113838387738118e-01,3.413027999347337804e-01,3.320865968744328156e-01
7.255354691330130334e-01,3.446396270677690166e-01,3.399580202475996349e-01
7.297909481830675560e-01,3.480423238315988321e-01,3.478764616686489952e-01
7.339771138255185567e-01,3.515113381567002149e-01,3.558389825798569106e-01
7.380933015258667185e-01,3.550470494160513635e-01,3.638425611323135023e-01
7.421388910967147146e-01,3.586497682814782650e-01,3.718840961907200482e-01
7.461133084260223036e-01,3.623197367111177236e-01,3.799604116173045942e-01
7.500160272123999050e-01,3.660571280633798663e-01,3.880682608247550403e-01
7.538465707041906994e-01,3.698620473325878177e-01,3.962043315870582005e-01
7.576045134388894597e-01,3.737345315014067304e-01,4.043652510960899504e-01
7.612894829792660190e-01,3.776745500051321147e-01,4.125475912507843845e-01
7.649011616423274651e-01,3.816820053029916782e-01,4.207478741646960563e-01
7.684392882170703043e-01,3.857567335517151363e-01,4.289625778767708342e-01
7.719036596667698813e-01,3.898985053768135312e-01,4.371881422491954994e-01
7.752941328113526209e-01,3.941070267372178137e-01,4.454209750352730590e-01
7.786106259851983680e-01,3.983819398791911826e-01,4.536574580994148786e-01
7.818531206655562338e-01,4.027228243756751369e-01,4.618939537705296083e-01
7.850216630665324269e-01,4.071291982475519489e-01,4.701268113093687862e-01
7.881163656934981887e-01,4.116005191635537797e-01,4.783523734697243124e-01
7.911374088525436887e-01,4.161361857158564215e-01,4.865669831328120476e-01
7.940850421095063671e-01,4.207355387686442794e-01,4.947669899936836813e-01
7.969595856929332367e-01,4.253978628771751258e-01,5.029487572781510263e-01
7.997614318352428420e-01,4.301223877750938174e-01,5.111086684684063020e-01
8.024910460462405526e-01,4.349082899278908232e-01,5.192431340153718100e-01
8.051489683130476083e-01,4.397546941505818263e-01,5.273485980157417430e-01
8.077358142204710267e-01,4.446606752877298452e-01,5.354215448317423132e-01
8.102522759857807566e-01,4.496252599540023209e-01,5.434585056317995377e-01
8.126991234018234866e-01,4.546474283334819844e-01,5.514560648305999457e-01
8.150772046824732442e-01,4.597261160358468435e-01,5.594108664074181059e-01
8.173874472043616279e-01,4.648602160075325229e-01,5.673196200821161161e-01
8.196308581389637471e-01,4.700485804957956204e-01,5.751791073288257117e-01
8.218085249691617911e-01,4.752900230634825030e-01,5.829861872080787100e-01
8.239216158845202864e-01,4.805833206520982448e-01,5.907378019989723006e-01
8.259713800496543135e-01,4.859272156905616868e-01,5.984309826138952682e-01
8.279591477402401534e-01,4.913204182467688086e-01,6.060628537793670834e-01
8.298863303414026893e-01,4.967616082188591187e-01,6.136306389676493556e-01
8.317544202034518053e-01,5.022494375627883922e-01,6.211316650649787441e-01
8.335649903501788360e-01,5.077825325525400224e-01,6.285633667635156518e-01
8.353196940352153321e-01,5.133594960690371911e-01,6.359232906654281869e-01
8.370202641422586076e-01,5.189789099135478923e-01,6.432090990888832405e-01
8.386685124253056012e-01,5.246393371411208761e-01,6.504185735671264013e-01
8.402663285854239383e-01,5.303393244093370651e-01,6.575496180332631724e-01
8.418156791809268125e-01,5.360774043374626485e-01,6.646002616848066813e-01
8.433186063683101308e-01,5.418520978708784019e-01,6.715686615235234580e-01
8.447772264716763013e-01,5.476619166455133358e-01,6.784531045675761263e-01
8.461937283789132680e-01,5.535053653468423596e-01,6.852520097344035888e-01
8.475703717633275014e-01,5.593809440579690095e-01,6.919639293942403402e-01
8.489094851299909816e-01,5.652871505911820638e-01,6.985875505955603249e-01
8.502134636865790185e-01,5.712224827974071717e-01,7.051216959651164240e-01
8.514847670390499612e-01,5.771854408479565324e-01,7.115653242865777051e-01
8.527259167130932793e-01,5.831745294830436022e-01,7.179175307630301095e-01
8.539394935028825628e-01,5.891882602216157450e-01,7.241775469698450429e-01
8.551281346492833890e-01,5.952251535271776417e-01,7.303447405055445429e-01
8.562945308503304709e-01,6.012837409244631282e-01,7.364186143494140246e-01
8.574414231073981263e-01,6.073625670619694494e-01,7.423988059355804969e-01
8.585715994112108618e-01,6.134601917156311535e-01,7.482850859542456989e-01
8.596878912724812416e-01,6.195751917291499877e-01,7.540773568915847269e-01
8.607931701027001781e-01,6.257061628867598424e-01,7.597756513206055384e-01
8.618903434512554806e-01,6.318517217145513953e-01,7.653801299559471749e-01
8.629823511057972407e-01,6.380105072067572269e-01,7.708910794861859594e-01
8.640721610634829464e-01,6.441811824737675440e-01,7.763089101977455053e-01
8.651627653814275565e-01,6.503624363089838267e-01,7.816341534049366935e-01
8.662571759153891993e-01,6.565529846719788676e-01,7.868674587010047183e-01
8.673584199564452479e-01,6.627515720858085935e-01,7.920095910453373023e-01
8.684695357760653378e-01,6.689569729466716685e-01,7.970614277021920158e-01
8.695935680906999865e-01,6.751679927444906859e-01,8.020239550464260958e-01
8.707335634575972261e-01,6.813834691933622345e-01,8.068982652517836529e-01
8.718925656142311187e-01,6.876022732711565277e-01,8.116855528772959349e-01
8.730736107742962382e-01,6.938233101679152082e-01,8.163871113673010216e-01
8.742797228937446707e-01,7.000455201430209051e-01,8.210043294804985070e-01
8.755139089208864300e-01,7.062678792914406367e-01,8.255386876633157289e-01
8.767791540450057264e-01,7.124894002196278109e-01,8.299917543826942357e-01
8.780784169583424337e-01,7.187091326319871021e-01,8.343651824332068978e-01
8.794146251466267161e-01,7.249261638290195320e-01,8.386607052332307743e-01
8.807906702236084628e-01,7.311396191185569604e-01,8.428801331246656980e-01
8.822094033252338985e-01,7.373486621416608378e-01,8.470253496905105761e-01
8.836736305792133317e-01,7.435524951149790063e-01,8.510983081044118936e-01
8.851861086657553113e-01,7.497503589914983335e-01,8.551010275261682336e-01
8.867495404852197005e-01,7.559415335417482007e-01,8.590355895570657152e-01
8.883665709482274631e-01,7.621253373576256651e-01,8.629041347689061503e-01
8.900397829036116315e-01,7.683011277810520845e-01,8.667088593206448977e-01
8.917716932192318868e-01,7.744683007596903090e-01,8.704520116767476834e-01
8.935647490302397467e-01,7.806262906319384465e-01,8.741358894416877412e-01
8.954213241689845670e-01,7.867745698433409318e-01,8.777628363255298716e-01
8.973437157900877592e-01,7.929126485964250737e-01,8.813352392562734394e-01
8.993341412036570670e-01,7.990400744358129304e-01,8.848555256556430715e-01
9.013947349289046507e-01,8.051564317701790374e-01,8.883261608963887168e-01
9.035275459797538211e-01,8.112613413323087608e-01,8.917496459609497439e-01
9.057345353932632070e-01,8.173544595780786182e-01,8.951285153236888670e-01
9.080175740110301152e-01,8.234354780246180283e-01,8.984653350819400419e-01
9.103784405230784804e-01,8.295041225272271612e-01,9.017627013650060253e-01
9.128188197831815787e-01,8.355601524937189550e-01,9.050232390552768180e-01
9.153403014042380548e-01,8.416033600337459175e-01,9.082496008620827288e-01
9.179443786421311868e-01,8.476335690392118316e-01,9.114444667972104730e-01
9.206324475767986293e-01,8.536506341900290673e-01,9.146105441117911017e-01
9.234058065999446452e-01,8.596544398770937789e-01,9.177505677682537000e-01
9.262656562202699062e-01,8.656448990312038960e-01,9.208673015394222006e-01
9.292130991996236933e-01,8.716219518425312174e-01,9.239635398510855913e-01
9.322491410373071608e-01,8.775855643496935921e-01,9.270421105167642173e-01
9.353746908257166703e-01,8.835357268700252398e-01,9.301058785570835985e-01
9.385905625093630134e-01,8.894724522323126381e-01,9.331577513558783066e-01
9.418974765925075543e-01,8.953957737589214316e-01,9.362006854878719420e-01
9.452960623601956991e-01,9.013057429238690021e-01,9.392376956692141121e-01
9.487868607068888904e-01,9.072024265839598867e-01,9.422718664489315721e-01
9.523703277115055377e-01,9.130859036366776316e-01,9.453063675030116686e-01
9.560468391665054577e-01,9.189562608930499366e-01,9.483444737567673366e-01
9.598166963773661076e-01,9.248135878523356945e-01,9.513895921185308024e-01
9.636801337248558363e-01,9.306579699039219111e-01,9.544452974862706052e-01
9.676373287767029430e-01,9.364894792159962345e-01,9.575153821197165405e-01
9.716884162457722907e-01,9.423081621156378374e-01,9.606039248924053142e-01
9.758335080175085663e-01,9.481140209506681016e-01,9.637153912257639954e-01
9.800727232401985622e-01,9.539069868849127110e-01,9.668547825190788592e-01
9.844062360888398144e-01,9.596868769729095527e-01,9.700278698780356867e-01
9.888343568354710511e-01,9.654533220527469206e-01,9.732415815946137139e-01
9.933576816561960898e-01,9.712056353892776217e-01,9.765046973867957947e-01
9.979774031200071560e-01,9.769425451377741210e-01,9.798292354161360906e-01
1.000000000000000000e+00,9.826615498550018701e-01,9.832337227518231915e-01
1.000000000000000000e+00,9.883568301946411561e-01,9.867535422401766398e-01
1.000000000000000000e+00,9.940008686187918885e-01,9.905288685438226048e-01
